%YAML:1.0
---
K: !!opencv-matrix
   rows: 3
   cols: 3
   dt: d
   data: [1009.5, -0.0422, 947.1901, 0.000000, 1009.7, 507.1217, 0.000000, 0.000000, 1.000000 ]
D: !!opencv-matrix
   rows: 1
   cols: 5
   dt: d
   data: [-0.3642, 0.1502, -0.0001939, -0.0001446, -0.030700]
