%YAML:1.0
---
lidar2img: !!opencv-matrix
   rows: 4
   cols: 4
   dt: f
   data: [ -9.99851704e-01, 5.10829641e-03, -1.64452102e-02,
       1.02621620e-03, 1.65457632e-02, 2.03089453e-02, -9.99656856e-01,
       -3.09721202e-01, -4.77255834e-03, -9.99780715e-01,
       -2.03904547e-02, -4.23659205e-01, 0., 0., 0., 1. ]
